12 0.547315 0.679668 0.112532 0.101023
12 0.792839 0.590793 0.076726 0.038363
12 0.696931 0.517263 0.081841 0.034527
12 0.610614 0.59335 0.080563 0.028133
12 0.724425 0.76023 0.139386 0.060102
12 0.858696 0.877238 0.205882 0.048593
12 0.56266 0.858696 0.140665 0.060102
12 0.386829 0.659847 0.18798 0.089514
12 0.313299 0.530051 0.132992 0.101023
12 0.186061 0.569693 0.101023 0.101023
12 0.085038 0.408568 0.075448 0.06266
12 0.136189 0.473785 0.07289 0.07289
12 0.200767 0.714194 0.150895 0.08312
12 0.131074 0.815217 0.124041 0.116368
12 0.304987 0.839514 0.108696 0.085678
12 0.065217 0.66688 0.102302 0.116368
12 0.815217 0.555627 0.085678 0.037084
12 0.254476 0.473146 0.063939 0.02046
