4 0.455882 0.720588 0.277494 0.154731
4 0.496164 0.638747 0.227621 0.116368
4 0.542199 0.567136 0.176471 0.080563
4 0.742327 0.644501 0.180307 0.166240
4 0.872123 0.779412 0.253197 0.195652
4 0.920077 0.658568 0.149616 0.158568
4 0.041560 0.363811 0.080563 0.057545
4 0.140665 0.359974 0.092072 0.067775
4 0.210358 0.377238 0.144501 0.081841
4 0.255115 0.345269 0.136829 0.071611
4 0.367008 0.336957 0.099744 0.060102
4 0.468031 0.365090 0.115090 0.067775
4 0.595908 0.531330 0.163683 0.103581
4 0.753836 0.531330 0.170077 0.108696
4 0.927110 0.537724 0.135550 0.108696
4 0.923913 0.448849 0.141944 0.102302
4 0.777494 0.445013 0.148338 0.074169
4 0.604220 0.446931 0.172634 0.070332
4 0.720588 0.360614 0.101023 0.120205
4 0.847187 0.351662 0.147059 0.104859
4 0.952685 0.351662 0.086957 0.084399